512
-28256
20997
-59
18944
23264
8270
-18277
19496
9656
-21699
8719
26534
-31802
-30569
30585
1054
19331
-4559
1320
-844
26525
3611
5430
-21465
-13315
-22168
28581
-2820
-25687
-27536
-10039
24751
19065
-22607
-18193
12530
17809
22580
-10130
-522
28063
-3457
-9495
15548
28146
13059
-6937
-14197
-17575
-18625
-26952
19010
-14908
-32202
18339
6386
-22586
-28759
11371
-4533
24268
12470
-11257
-30149
22327
-21219
9660
8329
-10455
25581
-13430
11145
-27860
26355
-19521
-317
30634
19328
5378
13502
29232
-21540
8082
-11564
-14999
-27595
18130
-16896
13043
-10716
-12760
-9265
1559
-581
1054
-1457
-13792
25369
22243
23054
14234
-27755
11520
29992
-23709
3424
11622
24149
-1430
2265
25029
-11499
5467
-13758
24116
-9259
-4342
-18661
22811
-27337
2200
10756
-8586
32073
1672
-16337
-30384
24555
20866
-25783
-4445
-17125
17901
-11505
-23433
17507
15706
4436
4163
-16288
31920
5031
26547
-29395
-11728
-29324
3746
29952
28209
-23114
15719
-29236
16845
2881
-25985
29388
-4562
23183
12894
-2725
4031
20495
-1853
8075
28720
526
-16875
9237
27190
7467
17475
-27115
-30182
-8622
-8738
1012
13839
17725
-15764
-12188
-5767
-17763
806
-7101
19899
9373
-13579
-27467
15389
9517
21670
-10194
29502
-857
-15715
-23147
-29821
19477
-15723
6245
29986
-19951
-22302
-19209
-29891
-759
28123
-6229
1645
28223
-18257
-26032
23162
18485
-7591
31335
-13930
-23640
-25575
19363
14461
17950
-23545
24902
3705
-2801
-19694
6569
-21499
-32656
-28869
-2360
-15526
32755
-4832
-20781
-25145
32202
-29735
20434
6340
2528
-18926
20833
-6677
-3917
4998
12118
22679
-28487
30132
-5997
-13184
2374
2794
31954
28654
-16875
8848
17558
-786
27181
28117
-16899
-21474
-16997
26513
10688
27756
16484
20098
4929
10908
-2478
-9012
-24947
-19585
-497
-22583
14194
31759
9973
-11482
-836
23133
14421
-32177
588
-1488
25935
13077
17771
-26497
10297
-4923
-4594
20670
-32625
-4520
14375
1781
20072
18205
8212
-18037
18066
-31585
-21243
-14850
-17898
24765
29807
27476
11348
6986
-20050
-27291
29383
-5708
3188
-17452
-9941
-22487
-5753
24575
-31423
-18705
-8106
29853
5415
-20710
-20294
-17875
13114
22899
-11336
-9426
-25998
4818
-32178
-11463
-14759
-30566
-12980
-5174
18833
30867
8509
23010
-31257
-8400
20829
18304
16593
-16679
1170
-11315
20408
27590
8053
21794
22155
1802
-31117
-6163
21511
-27682
21214
5426
30337
-11705
22071
7181
29753
-13807
-31154
10459
25144
-20223
-21103
-31425
-15166
-26785
31332
-29716
21573
1478
-14203
-5307
-19984
30542
-16545
-32316
1707
23280
8345
-8418
18378
1850
-7791
13648
-25555
-13477
-5406
17510
7400
2156
-26355
-29687
-4960
-491
22802
-12831
24635
-19096
31794
-21552
-19376
13596
7583
-4901
-30219
-5611
-19123
-19458
9793
-4327
-19768
-19535
12104
-24833
15127
10572
24985
-25597
-6990
11064
31066
14206
3177
-27434
18920
-6938
7810
-25787
-16637
8961
-4419
-10760
17026
1684
-1422
17928
-15961
20780
12229
-22686
19672
-16548
-27428
5795
3348
-1759
-5613
-10504
2507
20408
8796
-15738
-1447
13222
19604
-20266
7682
3602
18661
-8724
-10868
-6032
25920
7481
31042
3437
-17450
25430
-22861
-29120
-4448
-3706
195
22302
-25852
11779
7563
15914
-24474
-3028
7301
14215
5345
-6309
8303
-26160
-31993
5032
-22615
7624
-13422
-6294
32281
1147
