30616
23793
-1731
6313
12962
18398
-24167
-16165
-13146
9511
-31570
-15768
-29889
-12421
31896
3969
30532
27320
11675
-21447
-10063
18966
-6520
-4987
14434
20181
22708
5253
15088
17087
-9647
15848
26435
28990
-23009
9596
-21448
-32213
19359
17390
14354
22834
17079
21688
-2814
32018
21921
11829
-17051
18767
21609
-29209
6939
-4683
17607
15327
9403
-388
356
-22422
-13401
6171
-1135
-6466
-20969
-9783
-28057
-22522
16407
14742
12877
-26255
-8598
-2725
12289
18562
7752
-23778
4585
28814
27950
-23469
-17682
21588
-11401
-338
-22097
-31020
27880
-8789
16181
17981
-5561
16315
-16377
19504
11941
4647
-32102
-18952
-9260
-16749
32331
26638
24713
-4811
11708
4054
-9299
-326
30599
-22945
-6315
-32558
4221
6002
7903
-24479
-30148
28613
-3358
23662
304
-19121
7677
-838
7453
19656
-12873
3811
-10517
-28809
21023
-4753
14065
-3091
-6268
-27836
-315
-4817
-4881
16121
-3776
25306
-25939
10439
11301
26004
2984
19988
-14821
-32111
11464
5569
-23545
-9910
-6873
20505
14574
-10634
-30153
-10894
-23753
14093
29409
-14740
23105
-18796
15501
12530
24479
-29834
5374
-25382
-22915
-27473
7225
-15580
9367
-9342
-20150
29444
-16472
-13199
15599
26501
2581
19023
-12987
-28463
-32193
32400
-27328
5166
-14586
2489
9002
1462
-2835
-2310
-7920
-24928
7813
-27136
12791
29499
-27815
7654
16174
-5194
26673
-17304
18536
594
29667
29716
2512
2700
-19606
-4883
-29941
952
-14214
6630
27158
-17817
1421
22238
30005
-17558
14921
24963
9881
-9330
13139
20618
21791
-10500
-24421
27652
11496
19263
-11005
-30238
17112
3850
-28027
20888
22035
-21871
-10825
-30185
4691
29595
21437
21672
-6603
-28591
7601
-1968
-16275
-7289
-25500
-24573
18154
-23054
-10342
12104
-9490
11985
-17483
4083
31982
12143
-12098
-25608
25495
25639
-27164
-31103
-10098
32312
29791
26412
-20948
-14029
-811
19064
24881
-12530
-7681
-5559
-18079
-513
-7189
-3666
31723
4837
-24946
28367
-32003
-13457
-4412
22023
19702
8927
24775
-18145
-10542
7314
-9461
5562
21563
-8418
30837
-8699
6339
-23781
17711
7778
-15139
-18256
20651
-7307
-30252
-22863
18493
-15568
6067
9846
-29420
-21466
-30694
32613
30865
-8699
22752
-31468
16945
-20938
18904
15132
-18002
31654
-20403
-7749
-14158
-2860
-27773
-4636
28399
-27937
-23254
12334
-21598
-4886
-5968
11617
-30869
18072
-25469
27546
12732
31927
-18373
14141
-7016
13078
4793
8825
438
-6520
818
17027
-25552
17934
4116
-4738
24951
-2493
-272
31748
-27421
-24112
22586
20852
-28561
-1495
12815
11720
-475
2922
-11066
-29643
-17209
1640
-29564
-28313
8946
25562
-17733
-13196
5051
973
-1397
-12940
6042
-21464
-5350
21693
27869
2404
-3384
-25111
-15748
5254
3682
2388
4176
-32479
32566
10116
-16431
-26990
-5352
-5873
6166
-26755
16706
30262
-24459
-26025
30532
-3768
-5033
30250
-3906
9855
938
9871
9481
-4926
23199
-13895
-10769
-17956
3041
7105
-5608
-21108
-14284
4647
-16745
5667
-20866
-1439
-32192
12773
-187
16040
-4618
-20483
24211
-19461
27885
13355
5957
5168
-30767
-8144
-27964
1879
9666
-23112
-2006
-8409
-2442
-7138
-23066
-6232
6146
-27450
-1877
-4087
-13366
2333
-27930
28318
-13012
-672
6031
25358
-25278
-32025
2937
-9817
-10639
1344
20468
-19750
23283
27884
27123
4599
-3765
8889
-30574
-27126
-24164
30422
-511
16331
