0
0
0
0
0
0
0
0
0
0
0
0
0
0
0
0
0
0
0
0
0
0
0
0
0
0
0
0
0
0
0
0
1
0
0
0
0
0
0
0
0
0
0
0
0
0
0
0
0
0
0
0
0
0
0
0
0
0
0
0
0
0
0
0
10771
-20413
14485
-990
4555
21504
6619
-20857
-30683
-22911
-7816
17010
-26285
-2812
10811
31633
-3841
-24377
-18370
18582
20495
8726
9267
-10062
20867
8562
-15364
-8177
-7773
17419
-8584
-7085
10773
-9674
19386
-12444
-17239
6071
-8706
-11299
30163
-8455
21285
-7170
-6356
29068
6529
-26367
6534
-30332
-6602
28183
7499
30872
-2426
-24693
12105
-5364
-10042
-11336
12060
-10794
-15154
-3885
-15395
-6012
-8414
10192
-11586
-27446
15674
18873
-9541
24269
9350
-3488
24476
-19839
-14036
-4039
-12849
-5189
-15208
-26953
10221
-26670
-26797
21908
24047
14561
-13108
1221
25948
-1018
-15633
-11762
